lambda	Ap	Ep	r2(ap)	Aphi	Ephi	r2(aphi)
400	0.043321	0.702647	0.8905048	0.0240515	0.687735	0.9056517
402	0.043805	0.700084	0.8962	0.0248166	0.688701	0.9132209
404	0.044307	0.697132	0.8967608	0.0255988	0.686988	0.9117197
406	0.045064	0.694026	0.8988906	0.0265531	0.686489	0.899075
408	0.045812	0.691633	0.9007596	0.027581	0.685867	0.9057745
410	0.046699	0.688172	0.9053122	0.0287352	0.683414	0.9119061
412	0.047328	0.686245	0.9038688	0.029655	0.681803	0.9097075
414	0.047969	0.681567	0.9056208	0.0305583	0.676545	0.9109216
416	0.048595	0.678229	0.9069385	0.0314484	0.673274	0.9114102
418	0.049069	0.674644	0.9064043	0.0321773	0.669766	0.9090728
420	0.049477	0.671195	0.9080812	0.032834	0.666439	0.9095345
422	0.049611	0.664926	0.90858	0.0332152	0.658423	0.908263
424	0.049713	0.658931	0.9074788	0.0335617	0.651111	0.9048607
426	0.050096	0.655739	0.908263	0.03421	0.647587	0.90503
428	0.050561	0.653668	0.9087639	0.0349403	0.645798	0.9051994
430	0.051299	0.654277	0.911121	0.0359357	0.647841	0.907657
432	0.051568	0.649987	0.9100719	0.0364578	0.642507	0.9056848
434	0.051726	0.645127	0.910311	0.0368482	0.636881	0.9039994
436	0.05195	0.640081	0.9090648	0.03728	0.631562	0.9026969
438	0.052003	0.635798	0.9087571	0.0375477	0.627259	0.9019514
440	0.052019	0.634965	0.9108024	0.037824	0.626633	0.9032463
442	0.051398	0.629752	0.9096913	0.0374489	0.619551	0.9005599
444	0.050464	0.623199	0.9078435	0.0367647	0.610037	0.8968177
446	0.049508	0.618631	0.9071087	0.0360619	0.603779	0.8948087
448	0.048558	0.614373	0.9057673	0.0353548	0.59799	0.8926912
450	0.047932	0.615096	0.9065764	0.0349905	0.599299	0.8947035
452	0.047111	0.613056	0.9061793	0.0344152	0.596627	0.8942419
454	0.046229	0.610055	0.9050356	0.033776	0.592427	0.8930129
456	0.045566	0.609617	0.9047519	0.0333615	0.592019	0.8936603
458	0.044945	0.609564	0.9044727	0.0329797	0.591989	0.8940513
460	0.044552	0.612358	0.9056388	0.0328336	0.596114	0.8969193
462	0.043937	0.612818	0.9054929	0.0324544	0.596732	0.8977034
464	0.043282	0.612055	0.9046825	0.0320227	0.595636	0.8973394
466	0.042681	0.611916	0.9044552	0.0316415	0.595456	0.8978969
468	0.042065	0.611941	0.9045571	0.0312368	0.595546	0.8986358
470	0.04153	0.612938	0.9052832	0.0309118	0.597029	0.9004893
472	0.040727	0.611148	0.9044607	0.0302978	0.594761	0.899171
474	0.039861	0.608394	0.902598	0.0296197	0.590984	0.8968172
476	0.039079	0.606649	0.9014899	0.0290199	0.588654	0.8954176
478	0.038357	0.605187	0.9005783	0.0284796	0.586772	0.8944552
480	0.037742	0.606533	0.9009935	0.0280519	0.589011	0.8953118
482	0.037013	0.606429	0.900034	0.0275088	0.58888	0.8946401
484	0.036276	0.607219	0.8994714	0.0269574	0.590095	0.8944638
486	0.035576	0.609741	0.8996183	0.0264469	0.59367	0.8954873
488	0.034834	0.613506	0.899884	0.0258937	0.598583	0.8971295
490	0.034124	0.620026	0.9016277	0.0253719	0.607395	0.9005376
492	0.033205	0.625043	0.9015661	0.0246401	0.613784	0.9019014
494	0.03217	0.630752	0.9011	0.0237919	0.620913	0.9030771
496	0.031089	0.637768	0.9006833	0.0229018	0.629698	0.9050063
498	0.029954	0.64575	0.9001992	0.021947	0.639874	0.9063459
500	0.028819	0.655743	0.9001765	0.0209906	0.652915	0.9089811
502	0.027624	0.664994	0.8993663	0.0199717	0.665039	0.9104073
504	0.026434	0.674511	0.8984367	0.0189531	0.677825	0.9117909
506	0.025281	0.68439	0.8969563	0.0179645	0.691096	0.9129033
508	0.024201	0.694508	0.8959094	0.0170429	0.704961	0.9145125
510	0.023181	0.706004	0.8943494	0.0161767	0.721246	0.9151321
512	0.022189	0.715509	0.8923501	0.0153331	0.73487	0.9148541
514	0.021248	0.724687	0.8896328	0.0145366	0.748164	0.9134885
516	0.020406	0.734965	0.8870941	0.0138247	0.763636	0.910683
518	0.019624	0.744704	0.8835787	0.013169	0.77829	0.9057978
520	0.018943	0.755131	0.8803948	0.0126114	0.793886	0.9025472
522	0.018252	0.764378	0.8763035	0.0120616	0.806798	0.9007787
524	0.017583	0.774288	0.8663287	0.0115413	0.81826	0.894452
526	0.017065	0.775837	0.878697	0.0111019	0.827539	0.9027444
528	0.016484	0.784234	0.8756341	0.0106782	0.837822	0.9075354
530	0.015987	0.791979	0.8727909	0.0102702	0.850035	0.9025622
532	0.015469	0.799297	0.8697649	0.00986676	0.864371	0.8993101
534	0.014994	0.804306	0.8662636	0.00945034	0.876105	0.8778377
536	0.014524	0.811547	0.8632847	0.00913158	0.883664	0.8947542
538	0.014103	0.816237	0.8595249	0.00879997	0.891514	0.8904381
540	0.013722	0.821776	0.8580176	0.00847894	0.9036376	0.881087
542	0.013316	0.82706	0.8509915	0.00822898	0.9059528	0.8938322
544	0.012954	0.83034	0.8523082	0.00791535	0.9135778	0.8872377
546	0.012554	0.834129	0.8436249	0.00758758	0.9210046	0.8773416
548	0.012194	0.835807	0.8497674	0.00730458	0.9262056	0.8827315
550	0.011825	0.838542	0.8472301	0.00702755	0.9311673	0.8811041
552	0.011423	0.842131	0.8403224	0.00668777	0.9389103	0.8672057
554	0.011049	0.841923	0.8405585	0.00637847	0.9444716	0.8604482
556	0.010677	0.843801	0.8383632	0.00611841	0.9434622	0.8601101
558	0.010317	0.84359	0.8300532	0.00586209	0.9438741	0.8565005
560	0.010031	0.841254	0.8291072	0.00567919	0.9345194	0.8549631
562	0.0097641	0.839246	0.8286861	0.00545193	0.9381874	0.854348
564	0.0094984	0.838815	0.8213741	0.00528849	0.9308322	0.8485522
566	0.0092848	0.839762	0.8149002	0.00516659	0.9308692	0.8524809
568	0.0091161	0.840059	0.8164582	0.0050977	0.9251119	0.8567164
570	0.0090396	0.836425	0.8241282	0.00498617	0.9298118	0.8444041
572	0.0089222	0.835646	0.8133254	0.00498028	0.9192422	0.8459761
574	0.008827	0.83547	0.8070409	0.00498036	0.9105802	0.8525298
576	0.0087804	0.832592	0.8088954	0.0050036	0.9000773	0.8545991
578	0.0087719	0.829529	0.813823	0.00500971	0.9019533	0.8490703
580	0.0088089	0.827631	0.8151924	0.00508712	0.893336	0.842525
582	0.0088272	0.826485	0.8201752	0.00512157	0.893499	0.8413518
584	0.0088963	0.819942	0.8258325	0.00524069	0.876441	0.8519557
586	0.0089011	0.820214	0.8198676	0.00531486	0.869708	0.8566133
588	0.0089057	0.817376	0.8218261	0.00535469	0.863694	0.8501234
590	0.0089436	0.811726	0.826079	0.00539004	0.858931	0.8397324
592	0.0088958	0.810858	0.8263626	0.00541207	0.852832	0.8466477
594	0.0088117	0.808518	0.8202194	0.00536942	0.848167	0.8420135
596	0.0087399	0.803886	0.8253852	0.00531406	0.844824	0.8358008
598	0.0086249	0.804346	0.818641	0.00527335	0.838523	0.8390821
600	0.0085428	0.804944	0.82068	0.00521658	0.841018	0.8285158
602	0.0084855	0.805743	0.8233158	0.00523014	0.840204	0.8418042
604	0.0084262	0.810475	0.8229677	0.00524094	0.840631	0.8496804
606	0.0084156	0.815555	0.8230893	0.00526082	0.849918	0.8417545
608	0.0084456	0.820247	0.8260471	0.0053529	0.850798	0.8562158
610	0.0085282	0.824808	0.8308033	0.00548048	0.854777	0.8635544
612	0.0086012	0.830322	0.831663	0.00559993	0.859506	0.8654127
614	0.0087063	0.834011	0.8392143	0.00572303	0.865122	0.8722874
616	0.0087977	0.838201	0.8424623	0.00587009	0.866815	0.880938
618	0.0088983	0.839726	0.8448235	0.00598422	0.868395	0.8777145
620	0.008957	0.843808	0.8475409	0.00608558	0.870417	0.8809918
622	0.0089865	0.846182	0.8415886	0.00618479	0.869253	0.8856195
624	0.0090377	0.84668	0.8436011	0.00624575	0.869809	0.8722721
626	0.0091362	0.844342	0.8539922	0.00636318	0.866418	0.8843106
628	0.0091923	0.846568	0.8533471	0.00646156	0.866135	0.8817382
630	0.0093245	0.845543	0.8592518	0.00662103	0.86376	0.8918364
632	0.0094377	0.845636	0.8620034	0.00672107	0.866048	0.8829413
634	0.0095348	0.844972	0.8638491	0.00685261	0.863431	0.8844364
636	0.009625	0.842956	0.8639014	0.00696853	0.859451	0.8872807
638	0.0096807	0.841164	0.8641937	0.00703712	0.857394	0.8800784
640	0.0097295	0.837388	0.8593498	0.00713341	0.852402	0.8820338
642	0.0098384	0.829568	0.8650026	0.00725082	0.840696	0.8869944
644	0.0098896	0.825998	0.8640384	0.00733407	0.834597	0.8856377
646	0.010002	0.819028	0.8644404	0.00743778	0.825136	0.8813059
648	0.010094	0.818206	0.8625541	0.0075651	0.821646	0.8801167
650	0.010298	0.814236	0.8654594	0.00777566	0.815461	0.8841479
652	0.010546	0.814861	0.8685369	0.00801624	0.818002	0.8789479
654	0.01096	0.813764	0.8745035	0.00842427	0.815772	0.886384
656	0.011551	0.814904	0.8817405	0.00903046	0.815501	0.8970031
658	0.012318	0.820115	0.8876462	0.00980814	0.820503	0.9039778
660	0.013335	0.822965	0.8973194	0.0108322	0.823337	0.9136893
662	0.014524	0.827551	0.8895211	0.0120323	0.826962	0.9045331
664	0.015941	0.824168	0.9019815	0.0134507	0.82256	0.9165145
666	0.017442	0.819722	0.9156591	0.014952	0.817174	0.9290696
668	0.0188	0.817599	0.9211833	0.0162698	0.814107	0.9281014
670	0.01989	0.817742	0.924435	0.017388	0.813791	0.9325631
672	0.020537	0.81659	0.9258298	0.0180721	0.811783	0.9340468
674	0.020655	0.818823	0.9238892	0.018238	0.813274	0.9323812
676	0.020338	0.822291	0.9239649	0.0179744	0.816196	0.9329075
678	0.01955	0.82725	0.92549	0.0172436	0.82082	0.9350296
680	0.0183	0.835229	0.926159	0.016057	0.8284	0.9367607
682	0.016561	0.850076	0.9206485	0.0143849	0.843146	0.931268
684	0.014549	0.867555	0.9119418	0.0124842	0.861145	0.9270716
686	0.0124	0.888444	0.8924346	0.010429	0.882873	0.9048721
688	0.010363	0.9124567	0.8687117	0.00854401	0.9022806	0.9001662
690	0.0086832	0.9313884	0.8667482	0.0068551	0.9255264	0.8871489
692	0.0072437	0.9442124	0.865002	0.00548901	0.9417016	0.8927019
694	0.0060441	0.9678341	0.846551	0.00438385	0.967679	0.8775563
696	0.0051813	0.9816795	0.8388192	0.00359814	0.9821707	0.8776646
698	0.0044349	1.00265734	0.8130652	0.00298877	0.999734295	0.8597119
700	0.0039342	1.0131636	0.8026623	0.00248126	1.028608	0.826924
